2182
-57.328353 -29.972055
-57.323119 -29.937336
-57.329213 -29.895184
-57.328051 -29.880200
-57.294763 -29.831618
-57.242410 -29.788529
-57.227276 -29.779741
-57.170833 -29.781060
-57.133562 -29.771113
-57.121477 -29.765422
-57.093698 -29.743248
-57.046123 -29.701997
-56.986605 -29.624179
-56.968880 -29.600973
-56.933849 -29.569223
-56.903477 -29.534986
-56.856341 -29.505357
-56.834740 -29.493330
-56.815583 -29.481835
-56.799218 -29.465590
-56.780442 -29.440170
-56.778715 -29.419714
-56.780148 -29.410653
-56.768385 -29.377751
-56.754673 -29.371165
-56.718700 -29.369022
-56.705573 -29.361397
-56.654997 -29.277936
-56.647842 -29.259385
-56.653294 -29.226593
-56.636965 -29.192131
-56.604797 -29.155090
-56.590515 -29.120399
-56.575648 -29.113764
-56.542815 -29.114607
-56.512814 -29.091821
-56.500585 -29.087516
-56.430022 -29.079638
-56.418504 -29.075538
-56.407774 -29.039484
-56.397799 -29.021252
-56.415488 -28.999689
-56.410007 -28.975952
-56.394707 -28.958618
-56.380797 -28.950150
-56.337707 -28.937513
-56.324681 -28.923899
-56.303703 -28.901963
-56.298293 -28.890646
-56.295703 -28.859853
-56.300498 -28.813965
-56.293656 -28.797632
-56.283174 -28.788260
-56.263279 -28.778141
-56.189370 -28.772466
-56.162373 -28.742863
-56.148475 -28.714910
-56.125103 -28.687288
-56.047339 -28.623993
-56.019613 -28.613968
-56.002076 -28.598569
-55.999756 -28.585349
-56.007703 -28.568894
-56.020262 -28.553203
-56.025840 -28.539025
-56.023226 -28.524885
-56.011226 -28.507094
-55.983953 -28.497320
-55.949162 -28.494993
-55.917177 -28.482772
-55.886057 -28.480401
-55.880967 -28.473262
-55.881381 -28.465146
-55.901070 -28.417089
-55.902051 -28.406799
-55.899644 -28.397169
-55.872397 -28.358503
-55.847957 -28.355946
-55.818930 -28.364847
-55.760663 -28.368132
-55.740095 -28.375984
-55.733485 -28.381797
-55.724334 -28.401451
-55.719884 -28.416452
-55.710925 -28.426614
-55.696832 -28.425810
-55.690339 -28.415834
-55.689473 -28.391580
-55.667988 -28.341190
-55.673738 -28.327881
-55.703202 -28.309786
-55.731941 -28.286695
-55.772717 -28.273923
-55.781767 -28.254469
-55.771151 -28.242397
-55.731014 -28.229339
-55.698628 -28.222565
-55.658359 -28.186855
-55.646815 -28.181447
-55.635808 -28.178562
-55.630018 -28.176185
-55.626180 -28.166797
-55.628155 -28.158969
-55.619589 -28.149993
-55.621229 -28.135811
-55.618473 -28.128745
-55.608155 -28.116173
-55.595726 -28.116278
-55.585034 -28.121824
-55.583342 -28.129077
-55.588638 -28.143445
-55.586497 -28.147925
-55.561751 -28.165559
-55.557372 -28.165859
-55.548457 -28.157453
-55.547629 -28.143559
-55.546606 -28.135272
-55.537573 -28.120401
-55.511698 -28.114119
-55.502206 -28.088047
-55.494169 -28.077339
-55.483475 -28.077798
-55.465063 -28.094331
-55.454512 -28.099290
-55.445994 -28.098041
-55.437529 -28.086579
-55.414765 -28.055742
-55.373530 -28.035351
-55.368290 -28.029476
-55.367683 -28.016138
-55.375532 -28.000596
-55.382482 -27.996808
-55.384469 -27.984180
-55.373514 -27.975275
-55.343886 -27.972597
-55.337880 -27.966169
-55.331311 -27.939890
-55.325194 -27.929176
-55.316643 -27.924724
-55.304176 -27.925030
-55.277713 -27.935341
-55.264539 -27.932194
-55.254598 -27.922714
-55.233407 -27.886126
-55.196491 -27.856602
-55.182341 -27.856909
-55.169459 -27.862153
-55.154984 -27.881598
-55.137766 -27.895586
-55.133678 -27.897117
-55.127705 -27.893863
-55.122942 -27.884719
-55.126196 -27.859986
-55.121627 -27.853907
-55.106501 -27.846645
-55.081181 -27.843459
-55.051781 -27.852829
-55.035107 -27.858772
-55.025783 -27.849128
-55.024803 -27.834180
-55.035372 -27.823539
-55.080788 -27.798440
-55.084443 -27.787335
-55.081164 -27.779328
-55.071758 -27.772942
-55.049765 -27.769771
-55.021691 -27.795466
-55.010655 -27.797777
-54.998531 -27.791223
-54.989388 -27.773080
-54.977301 -27.771657
-54.960640 -27.778446
-54.949049 -27.778355
-54.936371 -27.772673
-54.929528 -27.758897
-54.927587 -27.751852
-54.903445 -27.726116
-54.902174 -27.698973
-54.904627 -27.660023
-54.906450 -27.641170
-54.896333 -27.630974
-54.885065 -27.626521
-54.858913 -27.629238
-54.850387 -27.624089
-54.839930 -27.605692
-54.832497 -27.573626
-54.814868 -27.533891
-54.807247 -27.530230
-54.794795 -27.536851
-54.786037 -27.576727
-54.775092 -27.586006
-54.765668 -27.585427
-54.759044 -27.582948
-54.753323 -27.574966
-54.741980 -27.561786
-54.723265 -27.563726
-54.682446 -27.574739
-54.673071 -27.570135
-54.671649 -27.558482
-54.679452 -27.529403
-54.678881 -27.514757
-54.671749 -27.505220
-54.664399 -27.505797
-54.657630 -27.511608
-54.643692 -27.542857
-54.631991 -27.545838
-54.621832 -27.541390
-54.615842 -27.534100
-54.608354 -27.511701
-54.591642 -27.480832
-54.590280 -27.464145
-54.585283 -27.454652
-54.574455 -27.453830
-54.567311 -27.458030
-54.547756 -27.477460
-54.536144 -27.503659
-54.530269 -27.505922
-54.516902 -27.498848
-54.511206 -27.487112
-54.503670 -27.481514
-54.474480 -27.481374
-54.457177 -27.479121
-54.444069 -27.472784
-54.441824 -27.460147
-54.448632 -27.454634
-54.468149 -27.437287
-54.469875 -27.428828
-54.462753 -27.423054
-54.435253 -27.423920
-54.425603 -27.417351
-54.414198 -27.406887
-54.406414 -27.406401
-54.390741 -27.416994
-54.384980 -27.425172
-54.368467 -27.451797
-54.359351 -27.461256
-54.346567 -27.467224
-54.335936 -27.459659
-54.332769 -27.447519
-54.338731 -27.428083
-54.337706 -27.411774
-54.338771 -27.404672
-54.332323 -27.402714
-54.318174 -27.412822
-54.304936 -27.425466
-54.294596 -27.443402
-54.283911 -27.447912
-54.267340 -27.437544
-54.268053 -27.413106
-54.261005 -27.397692
-54.249423 -27.393315
-54.228719 -27.392906
-54.216564 -27.385670
-54.211278 -27.373564
-54.212306 -27.359516
-54.210708 -27.346683
-54.200977 -27.324514
-54.190743 -27.307085
-54.191879 -27.291031
-54.185301 -27.265769
-54.172437 -27.254740
-54.164690 -27.254204
-54.155965 -27.263247
-54.154293 -27.270368
-54.157542 -27.293266
-54.154874 -27.296670
-54.143755 -27.299095
-54.129885 -27.301597
-54.111292 -27.302791
-54.100126 -27.303506
-54.077914 -27.297322
-54.067834 -27.284530
-54.054601 -27.264168
-54.025791 -27.254376
-54.014676 -27.235505
-54.014893 -27.213616
-54.007563 -27.198503
-53.989189 -27.194797
-53.970631 -27.198187
-53.959996 -27.194369
-53.957062 -27.181255
-53.958946 -27.161152
-53.952935 -27.153794
-53.936371 -27.153990
-53.927206 -27.160028
-53.917530 -27.172968
-53.908121 -27.176311
-53.903071 -27.174617
-53.889262 -27.157968
-53.886170 -27.138397
-53.876536 -27.126204
-53.860543 -27.128329
-53.844178 -27.160856
-53.838135 -27.167722
-53.833797 -27.169514
-53.828451 -27.171721
-53.823990 -27.172991
-53.817366 -27.174876
-53.810774 -27.173213
-53.802848 -27.169324
-53.779180 -27.150051
-53.773094 -27.148277
-53.764211 -27.154241
-53.748843 -27.190978
-53.747421 -27.191272
-53.736832 -27.191645
-53.720151 -27.183630
-53.717795 -27.182351
-53.717056 -27.181950
-53.706514 -27.174028
-53.696721 -27.168591
-53.688307 -27.165232
-53.675862 -27.161233
-53.666600 -27.162232
-53.655881 -27.171879
-53.650848 -27.176933
-53.649288 -27.184357
-53.647771 -27.193025
-53.650376 -27.211976
-53.648201 -27.218159
-53.642444 -27.220879
-53.634985 -27.219037
-53.619045 -27.188862
-53.611872 -27.186044
-53.599646 -27.189290
-53.590257 -27.187426
-53.563940 -27.173533
-53.553689 -27.174814
-53.548769 -27.176044
-53.548567 -27.176228
-53.526634 -27.196262
-53.510715 -27.203373
-53.509529 -27.203748
-53.509095 -27.203884
-53.504693 -27.203826
-53.492014 -27.202139
-53.491420 -27.200784
-53.490914 -27.195263
-53.489736 -27.182391
-53.493401 -27.175215
-53.504027 -27.161551
-53.506222 -27.155213
-53.507689 -27.147346
-53.506499 -27.138389
-53.499140 -27.134103
-53.494638 -27.133152
-53.481007 -27.135280
-53.478439 -27.136778
-53.468976 -27.148197
-53.457929 -27.156050
-53.411151 -27.140826
-53.400639 -27.128493
-53.393552 -27.110182
-53.383127 -27.096423
-53.378171 -27.093158
-53.372457 -27.090968
-53.363394 -27.094152
-53.352154 -27.111064
-53.347897 -27.117470
-53.342758 -27.119114
-53.332096 -27.119082
-53.330353 -27.118955
-53.310571 -27.118721
-53.307679 -27.120303
-53.299282 -27.126557
-53.296370 -27.130277
-53.294526 -27.134422
-53.293081 -27.137671
-53.293012 -27.139890
-53.296531 -27.150800
-53.301599 -27.163977
-53.318728 -27.195228
-53.320121 -27.204436
-53.320587 -27.209376
-53.320685 -27.210405
-53.320244 -27.211956
-53.317263 -27.216552
-53.309957 -27.217340
-53.292177 -27.196527
-53.252582 -27.177896
-53.243273 -27.171051
-53.242828 -27.170823
-53.230692 -27.171876
-53.196504 -27.191679
-53.188628 -27.191529
-53.177144 -27.179067
-53.173294 -27.150925
-53.169331 -27.145402
-53.165943 -27.142751
-53.162623 -27.140154
-53.158365 -27.138895
-53.149818 -27.142361
-53.141538 -27.170354
-53.136617 -27.175503
-53.133071 -27.178320
-53.129967 -27.178526
-53.112754 -27.170175
-53.072936 -27.158080
-53.072223 -27.157578
-53.071919 -27.157363
-53.070916 -27.145655
-53.070682 -27.137050
-53.078677 -27.116384
-53.079220 -27.114982
-53.077613 -27.107232
-53.076891 -27.104881
-53.076222 -27.103951
-53.074826 -27.102013
-53.058495 -27.086321
-53.049805 -27.083292
-53.032557 -27.080793
-53.028932 -27.080584
-53.022491 -27.083616
-53.018444 -27.090692
-53.018534 -27.091238
-53.024860 -27.105782
-53.042279 -27.126664
-53.042666 -27.127970
-53.043057 -27.145998
-53.038726 -27.154641
-53.026572 -27.157192
-53.003430 -27.133427
-52.993816 -27.138292
-52.985874 -27.149931
-52.984746 -27.152192
-52.982961 -27.159971
-52.983598 -27.164723
-52.998163 -27.181147
-53.002616 -27.190027
-53.000169 -27.206870
-52.998947 -27.208467
-52.990128 -27.217802
-52.977636 -27.221175
-52.970181 -27.216769
-52.969321 -27.215679
-52.965854 -27.180460
-52.960329 -27.164732
-52.958455 -27.163517
-52.952128 -27.162055
-52.951723 -27.162089
-52.937974 -27.171264
-52.937304 -27.198383
-52.925599 -27.202362
-52.920846 -27.201781
-52.903683 -27.198385
-52.889914 -27.187186
-52.886458 -27.184374
-52.862792 -27.169576
-52.862501 -27.169448
-52.850486 -27.169038
-52.844079 -27.178083
-52.846763 -27.202993
-52.844169 -27.206558
-52.838756 -27.208992
-52.833654 -27.209572
-52.818027 -27.201687
-52.810344 -27.202171
-52.800682 -27.203255
-52.791632 -27.204269
-52.786758 -27.205102
-52.774022 -27.207277
-52.767406 -27.210217
-52.763165 -27.212103
-52.759376 -27.215663
-52.758384 -27.222172
-52.763498 -27.243460
-52.762790 -27.245133
-52.754679 -27.257211
-52.751630 -27.258029
-52.743119 -27.256745
-52.731549 -27.240087
-52.721628 -27.235712
-52.718505 -27.235693
-52.715031 -27.236875
-52.709833 -27.247104
-52.707057 -27.270551
-52.706923 -27.272925
-52.699191 -27.281981
-52.698252 -27.282277
-52.691752 -27.283417
-52.690024 -27.283719
-52.688692 -27.283293
-52.679061 -27.268506
-52.676264 -27.246650
-52.666990 -27.238384
-52.661119 -27.238032
-52.659678 -27.238145
-52.659366 -27.238170
-52.658392 -27.238916
-52.645447 -27.260057
-52.631322 -27.264934
-52.625638 -27.265263
-52.613677 -27.263772
-52.597668 -27.254218
-52.590297 -27.248508
-52.589393 -27.247807
-52.571011 -27.249122
-52.560793 -27.247274
-52.549473 -27.238704
-52.548119 -27.239126
-52.545275 -27.240403
-52.545005 -27.240524
-52.536267 -27.260028
-52.499852 -27.264962
-52.482244 -27.265786
-52.479671 -27.264938
-52.478479 -27.264544
-52.478262 -27.264199
-52.477555 -27.261982
-52.481972 -27.245224
-52.480958 -27.238619
-52.478613 -27.235363
-52.445867 -27.217657
-52.441424 -27.217371
-52.435254 -27.218135
-52.434450 -27.219166
-52.431041 -27.223535
-52.430949 -27.223784
-52.438399 -27.240851
-52.442109 -27.249175
-52.440712 -27.260168
-52.419271 -27.282715
-52.414518 -27.285790
-52.403996 -27.291372
-52.395811 -27.292647
-52.393803 -27.285113
-52.399816 -27.258525
-52.396306 -27.254887
-52.392457 -27.252583
-52.387124 -27.254991
-52.381869 -27.258393
-52.381092 -27.259907
-52.383809 -27.284880
-52.375334 -27.304275
-52.365071 -27.303818
-52.351115 -27.290107
-52.347268 -27.288427
-52.346488 -27.288503
-52.329531 -27.302413
-52.315267 -27.308639
-52.306393 -27.317446
-52.303640 -27.318014
-52.298100 -27.317045
-52.295832 -27.316648
-52.293472 -27.314028
-52.292141 -27.306139
-52.295315 -27.296641
-52.302920 -27.279657
-52.303991 -27.270348
-52.301717 -27.260062
-52.293745 -27.257795
-52.277173 -27.262008
-52.261175 -27.258919
-52.253882 -27.257510
-52.236009 -27.265015
-52.234904 -27.265555
-52.234961 -27.270830
-52.241568 -27.275622
-52.265089 -27.282885
-52.277528 -27.295962
-52.277669 -27.297000
-52.275571 -27.302028
-52.274351 -27.302965
-52.250063 -27.304100
-52.247593 -27.304215
-52.240287 -27.307310
-52.227420 -27.327937
-52.224185 -27.329073
-52.219815 -27.330608
-52.212651 -27.330822
-52.207281 -27.326511
-52.200981 -27.316766
-52.192871 -27.296805
-52.184199 -27.283217
-52.173805 -27.272885
-52.166481 -27.273898
-52.164648 -27.274151
-52.160301 -27.278503
-52.159603 -27.281061
-52.166676 -27.311866
-52.161376 -27.314010
-52.154236 -27.311078
-52.139613 -27.307129
-52.128249 -27.304059
-52.121402 -27.303433
-52.107852 -27.309688
-52.106147 -27.315697
-52.107282 -27.323950
-52.109179 -27.337732
-52.108047 -27.340718
-52.106942 -27.341561
-52.097955 -27.348413
-52.089195 -27.345719
-52.073030 -27.338468
-52.048820 -27.344940
-52.046212 -27.345637
-52.040733 -27.345129
-52.018225 -27.331761
-52.009231 -27.334429
-52.008699 -27.343389
-52.022396 -27.355129
-52.020543 -27.362023
-52.016576 -27.365656
-52.003601 -27.374896
-51.997274 -27.377890
-51.985682 -27.374676
-51.961939 -27.374823
-51.950966 -27.381340
-51.949819 -27.392303
-51.954390 -27.394856
-51.991850 -27.390307
-51.995225 -27.391238
-52.002797 -27.394604
-52.007785 -27.402098
-52.007319 -27.403108
-52.002387 -27.406976
-51.991489 -27.409945
-51.974537 -27.410456
-51.955860 -27.414854
-51.935871 -27.429616
-51.934188 -27.432417
-51.935103 -27.438011
-51.938748 -27.443969
-51.962503 -27.462071
-51.963437 -27.463738
-51.963930 -27.467548
-51.963747 -27.467930
-51.959662 -27.472360
-51.955176 -27.474182
-51.945290 -27.472043
-51.930220 -27.464363
-51.916038 -27.459352
-51.909722 -27.459465
-51.903844 -27.462034
-51.900567 -27.464759
-51.902349 -27.496030
-51.889499 -27.520320
-51.888515 -27.520669
-51.877162 -27.519020
-51.873195 -27.513520
-51.879556 -27.488348
-51.876263 -27.483201
-51.874132 -27.480882
-51.858388 -27.475775
-51.857330 -27.475730
-51.844600 -27.481226
-51.843425 -27.483852
-51.842731 -27.486237
-51.854307 -27.518417
-51.851111 -27.522297
-51.847352 -27.525932
-51.837929 -27.521039
-51.822569 -27.513061
-51.820970 -27.512763
-51.797868 -27.530007
-51.795480 -27.530255
-51.787283 -27.528503
-51.785888 -27.521665
-51.790728 -27.515349
-51.799732 -27.507806
-51.801669 -27.502696
-51.798810 -27.491899
-51.798360 -27.491057
-51.784140 -27.492129
-51.753432 -27.487322
-51.753387 -27.487355
-51.751744 -27.488565
-51.742186 -27.497382
-51.727177 -27.512789
-51.724248 -27.513493
-51.718414 -27.511439
-51.716605 -27.509651
-51.715237 -27.504085
-51.703373 -27.483130
-51.699090 -27.480707
-51.696982 -27.479515
-51.687094 -27.479499
-51.675261 -27.487747
-51.672975 -27.492131
-51.675636 -27.502714
-51.676522 -27.506690
-51.669527 -27.514772
-51.664378 -27.517344
-51.656935 -27.520153
-51.655247 -27.520064
-51.648936 -27.516781
-51.646223 -27.512828
-51.642620 -27.492100
-51.631583 -27.489245
-51.621949 -27.494791
-51.621672 -27.495280
-51.619742 -27.501070
-51.631900 -27.538278
-51.622772 -27.546450
-51.607669 -27.541736
-51.593988 -27.525339
-51.582210 -27.523518
-51.580223 -27.524620
-51.578860 -27.528481
-51.579771 -27.539165
-51.586471 -27.560996
-51.586015 -27.565188
-51.579502 -27.575330
-51.578034 -27.576710
-51.574760 -27.579785
-51.569036 -27.584027
-51.565453 -27.584532
-51.562445 -27.584165
-51.560004 -27.582667
-51.555909 -27.569074
-51.555633 -27.567588
-51.553997 -27.563556
-51.551364 -27.561669
-51.548167 -27.560221
-51.533838 -27.563320
-51.508317 -27.556981
-51.490322 -27.560121
-51.479095 -27.569002
-51.477808 -27.570123
-51.475376 -27.598379
-51.470460 -27.603317
-51.458887 -27.606870
-51.457373 -27.608282
-51.451426 -27.613823
-51.435591 -27.633113
-51.436994 -27.650087
-51.435296 -27.653162
-51.432673 -27.655043
-51.420677 -27.654928
-51.419273 -27.653961
-51.411145 -27.645561
-51.407076 -27.636041
-51.402234 -27.631030
-51.398071 -27.628136
-51.389675 -27.624575
-51.386677 -27.623927
-51.384790 -27.624273
-51.375137 -27.632294
-51.370291 -27.637460
-51.377204 -27.662133
-51.369626 -27.672455
-51.354290 -27.679501
-51.331494 -27.671139
-51.321802 -27.672618
-51.316561 -27.674728
-51.314485 -27.676878
-51.312919 -27.681801
-51.311203 -27.694333
-51.301961 -27.702606
-51.308716 -27.712062
-51.308746 -27.719326
-51.293560 -27.725468
-51.276004 -27.723984
-51.272997 -27.735663
-51.274014 -27.749540
-51.247565 -27.759400
-51.241508 -27.775731
-51.236456 -27.778701
-51.234910 -27.778849
-51.233946 -27.778941
-51.228230 -27.773555
-51.222191 -27.769882
-51.209291 -27.776905
-51.190775 -27.777198
-51.178525 -27.785869
-51.158059 -27.803220
-51.136582 -27.804237
-51.133632 -27.805970
-51.133510 -27.806459
-51.132841 -27.809162
-51.131516 -27.829933
-51.126098 -27.832378
-51.124543 -27.832970
-51.100603 -27.828277
-51.093884 -27.829791
-51.082054 -27.834880
-51.077189 -27.841348
-51.079837 -27.858548
-51.072724 -27.865686
-51.054152 -27.868157
-51.052126 -27.870364
-51.055275 -27.887009
-51.057500 -27.898765
-51.056243 -27.901508
-51.038699 -27.913120
-51.018135 -27.924772
-51.017590 -27.925696
-51.020406 -27.947138
-51.019266 -27.955356
-51.014146 -27.960269
-51.010526 -27.963062
-51.001167 -27.963361
-50.993303 -27.945858
-50.992431 -27.945017
-50.986970 -27.942406
-50.984892 -27.942305
-50.979651 -27.948050
-50.972444 -27.956128
-50.945295 -27.969055
-50.928902 -27.969102
-50.924561 -27.980991
-50.929397 -27.990670
-50.920404 -28.002053
-50.922805 -28.011685
-50.893175 -28.020760
-50.880425 -28.034405
-50.877339 -28.038302
-50.876986 -28.041374
-50.875393 -28.055266
-50.881902 -28.068072
-50.899490 -28.078171
-50.903549 -28.086919
-50.901859 -28.087217
-50.881570 -28.090781
-50.876031 -28.094812
-50.869273 -28.109398
-50.874704 -28.128934
-50.872617 -28.134639
-50.869183 -28.137730
-50.861858 -28.139408
-50.856915 -28.137373
-50.833936 -28.119286
-50.828445 -28.119220
-50.819504 -28.139548
-50.818476 -28.140520
-50.792332 -28.139408
-50.786492 -28.143346
-50.784803 -28.145568
-50.791590 -28.159127
-50.782587 -28.176200
-50.789039 -28.189539
-50.788658 -28.198415
-50.777882 -28.200436
-50.765991 -28.188946
-50.761450 -28.192916
-50.759828 -28.202532
-50.758587 -28.209892
-50.752420 -28.230613
-50.752047 -28.246370
-50.749369 -28.247651
-50.711781 -28.265629
-50.698271 -28.266816
-50.697179 -28.268087
-50.696838 -28.270742
-50.694559 -28.288461
-50.680980 -28.297778
-50.674068 -28.303597
-50.659872 -28.321378
-50.659366 -28.322119
-50.664923 -28.337995
-50.648439 -28.346356
-50.628296 -28.364039
-50.632635 -28.379188
-50.625081 -28.391479
-50.612324 -28.393322
-50.611231 -28.393383
-50.598706 -28.381868
-50.592921 -28.381899
-50.591631 -28.382153
-50.576765 -28.393656
-50.562849 -28.414546
-50.549668 -28.420197
-50.544085 -28.427138
-50.536833 -28.429109
-50.528970 -28.426417
-50.528649 -28.426307
-50.531075 -28.407938
-50.528081 -28.404387
-50.527541 -28.404095
-50.517452 -28.404276
-50.514372 -28.404602
-50.499762 -28.412496
-50.499198 -28.412700
-50.470811 -28.414868
-50.455897 -28.410918
-50.445987 -28.424099
-50.433745 -28.431059
-50.423166 -28.431584
-50.396643 -28.432896
-50.388256 -28.444102
-50.379651 -28.445995
-50.378311 -28.445359
-50.370577 -28.425444
-50.370054 -28.424541
-50.359352 -28.421059
-50.357169 -28.420911
-50.348323 -28.428650
-50.351190 -28.455693
-50.345744 -28.463298
-50.344562 -28.462682
-50.336749 -28.457994
-50.339235 -28.440319
-50.337688 -28.438991
-50.328217 -28.434255
-50.316465 -28.436236
-50.300794 -28.440381
-50.295667 -28.446766
-50.292422 -28.451185
-50.292362 -28.451203
-50.287848 -28.452508
-50.271598 -28.456745
-50.255834 -28.450692
-50.251701 -28.448895
-50.262596 -28.446183
-50.262933 -28.445518
-50.263641 -28.442968
-50.247041 -28.429242
-50.244951 -28.430628
-50.234562 -28.458005
-50.223059 -28.463049
-50.216443 -28.460548
-50.203209 -28.444172
-50.200764 -28.444398
-50.191035 -28.451199
-50.188890 -28.452884
-50.183810 -28.452774
-50.176934 -28.452774
-50.175016 -28.455574
-50.164559 -28.474246
-50.161657 -28.495053
-50.156954 -28.497701
-50.139496 -28.494216
-50.145632 -28.477430
-50.159414 -28.461467
-50.159415 -28.460074
-50.158183 -28.459129
-50.147754 -28.459595
-50.146302 -28.448334
-50.145824 -28.448123
-50.145606 -28.446495
-50.127891 -28.438343
-50.130003 -28.431713
-50.130157 -28.431451
-50.126746 -28.429354
-50.124993 -28.430433
-50.113384 -28.441842
-50.111522 -28.445117
-50.111572 -28.445229
-50.115984 -28.455091
-50.126273 -28.463643
-50.126354 -28.467393
-50.125479 -28.473718
-50.123544 -28.474920
-50.107819 -28.473107
-50.100006 -28.485286
-50.086385 -28.472859
-50.072496 -28.479805
-50.068692 -28.478486
-50.061869 -28.476121
-50.037194 -28.478410
-50.036178 -28.477878
-50.026745 -28.472946
-50.023716 -28.457502
-50.018524 -28.452350
-50.014024 -28.451382
-50.002462 -28.457315
-49.987576 -28.455937
-49.988554 -28.445822
-49.980381 -28.440289
-49.971499 -28.439108
-49.967054 -28.454639
-49.957986 -28.449799
-49.952167 -28.450254
-49.951357 -28.450614
-49.950578 -28.466749
-49.943485 -28.481993
-49.929172 -28.470731
-49.930594 -28.463510
-49.937975 -28.458434
-49.931685 -28.453501
-49.927751 -28.451594
-49.903302 -28.463320
-49.898528 -28.463224
-49.891809 -28.460424
-49.888587 -28.458080
-49.896331 -28.443586
-49.895079 -28.442155
-49.891158 -28.441556
-49.883015 -28.447409
-49.872964 -28.442046
-49.857994 -28.443617
-49.855517 -28.445556
-49.856891 -28.446984
-49.877361 -28.454652
-49.863520 -28.462582
-49.864013 -28.473965
-49.869419 -28.480621
-49.866468 -28.487305
-49.865669 -28.487603
-49.842222 -28.484028
-49.841215 -28.484724
-49.845388 -28.493300
-49.839762 -28.496239
-49.825864 -28.478244
-49.810981 -28.483837
-49.815979 -28.478394
-49.816918 -28.469053
-49.809875 -28.468039
-49.802815 -28.483932
-49.795217 -28.488364
-49.790796 -28.495314
-49.783325 -28.496279
-49.781025 -28.494127
-49.785798 -28.488165
-49.778383 -28.475861
-49.781772 -28.472176
-49.772899 -28.467142
-49.768864 -28.459984
-49.767713 -28.459718
-49.765133 -28.460164
-49.765428 -28.482852
-49.770667 -28.493475
-49.770168 -28.494304
-49.762528 -28.502221
-49.745685 -28.494103
-49.744960 -28.494316
-49.741529 -28.498339
-49.740258 -28.501143
-49.745347 -28.505049
-49.743507 -28.508259
-49.728258 -28.518454
-49.746661 -28.534362
-49.748937 -28.545645
-49.746987 -28.547668
-49.730264 -28.552007
-49.725422 -28.569959
-49.719894 -28.576960
-49.711526 -28.573403
-49.710971 -28.574752
-49.708126 -28.583127
-49.712098 -28.592864
-49.709819 -28.604695
-49.698885 -28.606690
-49.691580 -28.618948
-49.693713 -28.625556
-49.704628 -28.629538
-49.708343 -28.630512
-49.706826 -28.627148
-49.715536 -28.624079
-49.728225 -28.623365
-49.754591 -28.629048
-49.758134 -28.615731
-49.772021 -28.628032
-49.780854 -28.630275
-49.785008 -28.622680
-49.782528 -28.611316
-49.788022 -28.613420
-49.790479 -28.614360
-49.795110 -28.617038
-49.802644 -28.629275
-49.808081 -28.629978
-49.809140 -28.635803
-49.817275 -28.640651
-49.814654 -28.649642
-49.818321 -28.654129
-49.811010 -28.654192
-49.812708 -28.658523
-49.822552 -28.661994
-49.829440 -28.668781
-49.837744 -28.667134
-49.840016 -28.677285
-49.835345 -28.679290
-49.833873 -28.688366
-49.823134 -28.688237
-49.821101 -28.693675
-49.832065 -28.694940
-49.839098 -28.702244
-49.840973 -28.707766
-49.836751 -28.709778
-49.837657 -28.711524
-49.840869 -28.714570
-49.843236 -28.713341
-49.846359 -28.705461
-49.863225 -28.703063
-49.860407 -28.700052
-49.872034 -28.704523
-49.869751 -28.707509
-49.874409 -28.722454
-49.869488 -28.723686
-49.880117 -28.736293
-49.875608 -28.744883
-49.888563 -28.746686
-49.887323 -28.740629
-49.891793 -28.739624
-49.882180 -28.720148
-49.884946 -28.718343
-49.894321 -28.724752
-49.897625 -28.721483
-49.905267 -28.713117
-49.904041 -28.707124
-49.913716 -28.715628
-49.924693 -28.718767
-49.925460 -28.718932
-49.935334 -28.728111
-49.930973 -28.740557
-49.921950 -28.746148
-49.928337 -28.751712
-49.927975 -28.756135
-49.936866 -28.759055
-49.946159 -28.756360
-49.945651 -28.759490
-49.949481 -28.758781
-49.949438 -28.759038
-49.953527 -28.760187
-49.951816 -28.769340
-49.956537 -28.771722
-49.954266 -28.776698
-49.958966 -28.779310
-49.952838 -28.784092
-49.956631 -28.791471
-49.953285 -28.797638
-49.947581 -28.798372
-49.946879 -28.806225
-49.959820 -28.801288
-49.963913 -28.822225
-49.963245 -28.826636
-49.954159 -28.826369
-49.958710 -28.852642
-49.945460 -28.849170
-49.948412 -28.856825
-49.954066 -28.856774
-49.954366 -28.863388
-49.964340 -28.867972
-49.966604 -28.873916
-49.949018 -28.869217
-49.949773 -28.879563
-49.938578 -28.872203
-49.929041 -28.871446
-49.936065 -28.876407
-49.935894 -28.882637
-49.941656 -28.880580
-49.942838 -28.885040
-49.948805 -28.887983
-49.948602 -28.891519
-49.948080 -28.900630
-49.958924 -28.908706
-49.956130 -28.910675
-49.965608 -28.922225
-49.962166 -28.924642
-49.943911 -28.923715
-49.948083 -28.926969
-49.944788 -28.941431
-49.956056 -28.940825
-49.956324 -28.961844
-49.937759 -28.965431
-49.934323 -28.974492
-49.921613 -28.977479
-49.920499 -28.978714
-49.934980 -28.984817
-49.938457 -28.978746
-49.942819 -28.983429
-49.941859 -29.001338
-49.946026 -28.996022
-49.951452 -28.999501
-49.957639 -29.010708
-49.955467 -29.012053
-49.964757 -29.022515
-49.949018 -29.021093
-49.947147 -29.017991
-49.939369 -29.019813
-49.938552 -29.023623
-49.947051 -29.027910
-49.945891 -29.033275
-49.955449 -29.035521
-49.953351 -29.039293
-49.958609 -29.043630
-49.959175 -29.049416
-50.007437 -29.072141
-49.991447 -29.070148
-49.988580 -29.075710
-49.985331 -29.071681
-49.987416 -29.069130
-49.967860 -29.064675
-49.968001 -29.068127
-49.964092 -29.064740
-49.956764 -29.066231
-49.956712 -29.062181
-49.946090 -29.055653
-49.940011 -29.057190
-49.942474 -29.064761
-49.952119 -29.063033
-49.948147 -29.069747
-49.956282 -29.068737
-49.960244 -29.070916
-49.954046 -29.076302
-49.954451 -29.085522
-49.967429 -29.083974
-49.967171 -29.095380
-49.962804 -29.100376
-49.969474 -29.101552
-49.969910 -29.104700
-49.967712 -29.115580
-49.964287 -29.114669
-49.962809 -29.117970
-49.969002 -29.120977
-49.968499 -29.116547
-49.982353 -29.120225
-49.983912 -29.117688
-49.991407 -29.118740
-49.991026 -29.119345
-49.984282 -29.130073
-49.986814 -29.136648
-49.991153 -29.135001
-49.990282 -29.128757
-49.996980 -29.133224
-50.013996 -29.128276
-50.005828 -29.134750
-50.005185 -29.150888
-50.010164 -29.151922
-50.009818 -29.157324
-50.019252 -29.154363
-50.019077 -29.165366
-50.020453 -29.167048
-50.025455 -29.164765
-50.028090 -29.171097
-50.020001 -29.174805
-50.021571 -29.178964
-50.016893 -29.181402
-50.030327 -29.180768
-50.034658 -29.177041
-50.042267 -29.184023
-50.051884 -29.186490
-50.055966 -29.183907
-50.065803 -29.191503
-50.060839 -29.177044
-50.062723 -29.178654
-50.076775 -29.189858
-50.079150 -29.185840
-50.076158 -29.183060
-50.086208 -29.178914
-50.079352 -29.175974
-50.090211 -29.175583
-50.092375 -29.167560
-50.077008 -29.161368
-50.077948 -29.157717
-50.070448 -29.157877
-50.080344 -29.155903
-50.082054 -29.160340
-50.099401 -29.163752
-50.096044 -29.166214
-50.098887 -29.172883
-50.094342 -29.177091
-50.097528 -29.180652
-50.091348 -29.180713
-50.088713 -29.184752
-50.093152 -29.195586
-50.085643 -29.193680
-50.092739 -29.199158
-50.086541 -29.199469
-50.086910 -29.202851
-50.093072 -29.221076
-50.085402 -29.215713
-50.088034 -29.222988
-50.083926 -29.228024
-50.093820 -29.237715
-50.098611 -29.236584
-50.093234 -29.223637
-50.111045 -29.237695
-50.108592 -29.230548
-50.111467 -29.223900
-50.110595 -29.223084
-50.101370 -29.225218
-50.093751 -29.213362
-50.115368 -29.209393
-50.116018 -29.205753
-50.129800 -29.201923
-50.123227 -29.198073
-50.137683 -29.199515
-50.139201 -29.192687
-50.152484 -29.201862
-50.151322 -29.204305
-50.140641 -29.201936
-50.133834 -29.208914
-50.133249 -29.215926
-50.147743 -29.220051
-50.145679 -29.226408
-50.150393 -29.229300
-50.142367 -29.230214
-50.138932 -29.234448
-50.141261 -29.238949
-50.166423 -29.247841
-50.155624 -29.248911
-50.156927 -29.252495
-50.150277 -29.249793
-50.150728 -29.258108
-50.138462 -29.255014
-50.145394 -29.257913
-50.145885 -29.259214
-50.144654 -29.275957
-50.144916 -29.276259
-50.148955 -29.282508
-50.150520 -29.284931
-50.145210 -29.283529
-50.147538 -29.288244
-50.146453 -29.288124
-50.141813 -29.288357
-50.142714 -29.292267
-50.138773 -29.292623
-50.134867 -29.300028
-50.129218 -29.303247
-50.131278 -29.286289
-50.123495 -29.281857
-50.121922 -29.288077
-50.116300 -29.292002
-50.118339 -29.297637
-50.106171 -29.299597
-50.105624 -29.300602
-50.109069 -29.305569
-50.101452 -29.310567
-50.089898 -29.310833
-50.084496 -29.316577
-50.086389 -29.323270
-50.079140 -29.320529
-50.078800 -29.320578
-50.072720 -29.320487
-50.071433 -29.323322
-50.066596 -29.321905
-50.073047 -29.327899
-50.057713 -29.327726
-50.059231 -29.336802
-50.064972 -29.341359
-50.049869 -29.339373
-50.037394 -29.351261
-50.035381 -29.347540
-50.063167 -29.312069
-50.073893 -29.309634
-50.092857 -29.296878
-50.101985 -29.283808
-50.108433 -29.280818
-50.114625 -29.259260
-50.108446 -29.258069
-50.106809 -29.254467
-50.089882 -29.254559
-50.069177 -29.246521
-50.065747 -29.249377
-50.063885 -29.243050
-50.042181 -29.240747
-50.034689 -29.233880
-50.007178 -29.225460
-50.000553 -29.227272
-49.986525 -29.222285
-49.973420 -29.213735
-49.970527 -29.204260
-49.962581 -29.199213
-49.947716 -29.199899
-49.946770 -29.200470
-49.940784 -29.204088
-49.931588 -29.203785
-49.929149 -29.207419
-49.913731 -29.207911
-49.901300 -29.215239
-49.880301 -29.220476
-49.876755 -29.224931
-49.869001 -29.224469
-49.856973 -29.233340
-49.857163 -29.242691
-49.854293 -29.245793
-49.848866 -29.246986
-49.850333 -29.249676
-49.854614 -29.257116
-49.842082 -29.260833
-49.842995 -29.271917
-49.847403 -29.273219
-49.840987 -29.277572
-49.831023 -29.276646
-49.828019 -29.277358
-49.821310 -29.283265
-49.817595 -29.286332
-49.811874 -29.283919
-49.809669 -29.286953
-49.795681 -29.289348
-49.792038 -29.285894
-49.789147 -29.287204
-49.769578 -29.299144
-49.766737 -29.299688
-49.748724 -29.297695
-49.747143 -29.298122
-49.740540 -29.300844
-49.740517 -29.306764
-49.743116 -29.308628
-49.743374 -29.310763
-49.738175 -29.315042
-49.736136 -29.310881
-49.733579 -29.314677
-49.730338 -29.317824
-49.743444 -29.320753
-49.744952 -29.328026
-49.744724 -29.328452
-49.736333 -29.325515
-49.729651 -29.329177
-49.711648 -29.325846
-49.728657 -29.348634
-49.731434 -29.358716
-49.751366 -29.378897
-49.802355 -29.443601
-49.922993 -29.607037
-49.934579 -29.624730
-49.942793 -29.638473
-49.951991 -29.653859
-49.958147 -29.664153
-49.987011 -29.715341
-50.017944 -29.772305
-50.041898 -29.817459
-50.064189 -29.861915
-50.075498 -29.884453
-50.117913 -29.975937
-50.142468 -30.034260
-50.155679 -30.065613
-50.168370 -30.097687
-50.211853 -30.207447
-50.224253 -30.236400
-50.236060 -30.267333
-50.242585 -30.281792
-50.251088 -30.303755
-50.261863 -30.331573
-50.288749 -30.405521
-50.308787 -30.455892
-50.333426 -30.500782
-50.369544 -30.557798
-50.442196 -30.651923
-50.474414 -30.695169
-50.562573 -30.825020
-50.673137 -30.969993
-50.681611 -30.982164
-50.741168 -31.071932
-50.769261 -31.110065
-50.802501 -31.148751
-50.848069 -31.195818
-50.887427 -31.236424
-50.931282 -31.275478
-50.949089 -31.289758
-51.042499 -31.364561
-51.119655 -31.435015
-51.173814 -31.472788
-51.191734 -31.496037
-51.221910 -31.536890
-51.250297 -31.567286
-51.323597 -31.621652
-51.402153 -31.678891
-51.470346 -31.726362
-51.529745 -31.759229
-51.627159 -31.813025
-51.718184 -31.855149
-51.817713 -31.910880
-51.885045 -31.958156
-51.920235 -31.987635
-51.979088 -32.043764
-52.074923 -32.142793
-52.081630 -32.157436
-52.075964 -32.189176
-52.098627 -32.162106
-52.117604 -32.166213
-52.156399 -32.190600
-52.185994 -32.215981
-52.231803 -32.257052
-52.262411 -32.295129
-52.306879 -32.361512
-52.342122 -32.426564
-52.370991 -32.489590
-52.416014 -32.607263
-52.425679 -32.642137
-52.448385 -32.735646
-52.467962 -32.798327
-52.511934 -32.903158
-52.553111 -32.972849
-52.602225 -33.071229
-52.629165 -33.116158
-52.662319 -33.161057
-52.738602 -33.250284
-52.795672 -33.302527
-53.043647 -33.498079
-53.152070 -33.589432
-53.247091 -33.660592
-53.275334 -33.678679
-53.373099 -33.745585
-53.385802 -33.748336
-53.397104 -33.752061
-53.402556 -33.748705
-53.416386 -33.749157
-53.423175 -33.744626
-53.433261 -33.738677
-53.431998 -33.730967
-53.438938 -33.713431
-53.437331 -33.702184
-53.443241 -33.696794
-53.441117 -33.694547
-53.523245 -33.690012
-53.532589 -33.689493
-53.529701 -33.687485
-53.531269 -33.678986
-53.524786 -33.674688
-53.532005 -33.667732
-53.530826 -33.660710
-53.536122 -33.649540
-53.529900 -33.644217
-53.526300 -33.626272
-53.536160 -33.614655
-53.531455 -33.601102
-53.523428 -33.595167
-53.523514 -33.526755
-53.510600 -33.459642
-53.505625 -33.351060
-53.522958 -33.250118
-53.521654 -33.156280
-53.447509 -33.054809
-53.358065 -33.004118
-53.308929 -33.006946
-53.243982 -32.935836
-53.308702 -32.918060
-53.287336 -32.896758
-53.283815 -32.912478
-53.290540 -32.912005
-53.281841 -32.914734
-53.271313 -32.914893
-53.285249 -32.897235
-53.285124 -32.896561
-53.185506 -32.849421
-53.157230 -32.812035
-53.164482 -32.805282
-53.143730 -32.786586
-53.080977 -32.775506
-53.071452 -32.741200
-53.174658 -32.656726
-53.175194 -32.657273
-53.182076 -32.656417
-53.186591 -32.645353
-53.217195 -32.638887
-53.242746 -32.626486
-53.249883 -32.604036
-53.271182 -32.605386
-53.280147 -32.619870
-53.287717 -32.622624
-53.296581 -32.616805
-53.304211 -32.605204
-53.320688 -32.596841
-53.332829 -32.585916
-53.336777 -32.585025
-53.349292 -32.592998
-53.355533 -32.591386
-53.370112 -32.571670
-53.378122 -32.572577
-53.388558 -32.587565
-53.409780 -32.576538
-53.416842 -32.568882
-53.417545 -32.561584
-53.424215 -32.559150
-53.426371 -32.564908
-53.432274 -32.566276
-53.441997 -32.539516
-53.458085 -32.522425
-53.457099 -32.515910
-53.464022 -32.503139
-53.462766 -32.498986
-53.466885 -32.493084
-53.463670 -32.485519
-53.471285 -32.480553
-53.480105 -32.484742
-53.502922 -32.481016
-53.515425 -32.487859
-53.521051 -32.480677
-53.526660 -32.487966
-53.544711 -32.478226
-53.542193 -32.472373
-53.557506 -32.471756
-53.567015 -32.459184
-53.583016 -32.452326
-53.588031 -32.436331
-53.597404 -32.433124
-53.612978 -32.418632
-53.611578 -32.402675
-53.616285 -32.396447
-53.644591 -32.384668
-53.643235 -32.374326
-53.632829 -32.350478
-53.643257 -32.336907
-53.643751 -32.324496
-53.655865 -32.319695
-53.655136 -32.312468
-53.646911 -32.313241
-53.642631 -32.297213
-53.656346 -32.288464
-53.656239 -32.279301
-53.664856 -32.275241
-53.676896 -32.259887
-53.676371 -32.238044
-53.685113 -32.220110
-53.692786 -32.214279
-53.694175 -32.204978
-53.703798 -32.207794
-53.710941 -32.199711
-53.702359 -32.189960
-53.712635 -32.189247
-53.712495 -32.178433
-53.723308 -32.173519
-53.717082 -32.154522
-53.734397 -32.152699
-53.726454 -32.147132
-53.726620 -32.138371
-53.744128 -32.116827
-53.737855 -32.106310
-53.739750 -32.100930
-53.732162 -32.106129
-53.725353 -32.098296
-53.744278 -32.092545
-53.745616 -32.079159
-53.754476 -32.079647
-53.757037 -32.076953
-53.764980 -32.079886
-53.768949 -32.074291
-53.781232 -32.070541
-53.789237 -32.072597
-53.789403 -32.068768
-53.804561 -32.070789
-53.814702 -32.059701
-53.825582 -32.060239
-53.833220 -32.055650
-53.834384 -32.042501
-53.842577 -32.038272
-53.837544 -32.033811
-53.845772 -32.029506
-53.852174 -32.030033
-53.851212 -32.014230
-53.853813 -32.010767
-53.849918 -32.001488
-53.854368 -31.998721
-53.863755 -31.996319
-53.864940 -31.993220
-53.870188 -31.999025
-53.890703 -31.994666
-53.896595 -31.982055
-53.909277 -31.974783
-53.912665 -31.967268
-53.931828 -31.964258
-53.945627 -31.956471
-53.951672 -31.958716
-53.960570 -31.956197
-53.972324 -31.942096
-53.971002 -31.936372
-53.967632 -31.937921
-53.964736 -31.931051
-53.961968 -31.931517
-53.963092 -31.923912
-53.969022 -31.923416
-53.969963 -31.918882
-54.003852 -31.915430
-54.007385 -31.909515
-54.016105 -31.907721
-54.011526 -31.905837
-54.017172 -31.905282
-54.015969 -31.901733
-54.022684 -31.902422
-54.025518 -31.897831
-54.031606 -31.899525
-54.030885 -31.896356
-54.034688 -31.897982
-54.039489 -31.897485
-54.044723 -31.904631
-54.053459 -31.906209
-54.055300 -31.912507
-54.066850 -31.923511
-54.073283 -31.919675
-54.087961 -31.936284
-54.090840 -31.931310
-54.100359 -31.928360
-54.099490 -31.925172
-54.106882 -31.919678
-54.104446 -31.913809
-54.109052 -31.908987
-54.140234 -31.895218
-54.142236 -31.884274
-54.159289 -31.872861
-54.454450 -31.653386
-54.451773 -31.641590
-54.454424 -31.631130
-54.459945 -31.628776
-54.467024 -31.613484
-54.457325 -31.608081
-54.457523 -31.602505
-54.452857 -31.604421
-54.453049 -31.600891
-54.464079 -31.589873
-54.469360 -31.593381
-54.474433 -31.570990
-54.481137 -31.570453
-54.493615 -31.560467
-54.490938 -31.552507
-54.513963 -31.514054
-54.520481 -31.509419
-54.524438 -31.510612
-54.524086 -31.506698
-54.532300 -31.502150
-54.547042 -31.499003
-54.553192 -31.492970
-54.557169 -31.495168
-54.559887 -31.487945
-54.574523 -31.482324
-54.579890 -31.467128
-54.587487 -31.460318
-54.586259 -31.457166
-54.670068 -31.454429
-54.683641 -31.445136
-54.694766 -31.445176
-54.697148 -31.437651
-54.701330 -31.435888
-54.703275 -31.440061
-54.718678 -31.439275
-54.724228 -31.429855
-54.759727 -31.425628
-54.788947 -31.435400
-54.804540 -31.429498
-54.811427 -31.435460
-54.826820 -31.436832
-54.836136 -31.442482
-54.856790 -31.418817
-54.861181 -31.418486
-54.857462 -31.408691
-54.877781 -31.398689
-54.887062 -31.384010
-54.883925 -31.381834
-54.891479 -31.375603
-54.899323 -31.377062
-54.897576 -31.382173
-54.904273 -31.384891
-54.920624 -31.379674
-54.932046 -31.385880
-54.940237 -31.381490
-54.936864 -31.370985
-54.933507 -31.370173
-54.936454 -31.365134
-54.934662 -31.357440
-54.959599 -31.352404
-54.959959 -31.342870
-54.952495 -31.340201
-54.952862 -31.332775
-54.959105 -31.324146
-54.978263 -31.318050
-54.982381 -31.312359
-54.979612 -31.304039
-54.981813 -31.297111
-54.995200 -31.289176
-54.994338 -31.283579
-55.000114 -31.283386
-55.000719 -31.275731
-55.001897 -31.269759
-55.006518 -31.267400
-55.007845 -31.270478
-55.019615 -31.267579
-55.031324 -31.270227
-55.035994 -31.276140
-55.031154 -31.279230
-55.035337 -31.284459
-55.032235 -31.289912
-55.042778 -31.308817
-55.047256 -31.307682
-55.052515 -31.314277
-55.059563 -31.315859
-55.057081 -31.322621
-55.061294 -31.325127
-55.056848 -31.332367
-55.073941 -31.332647
-55.080593 -31.324993
-55.102233 -31.315434
-55.108494 -31.308079
-55.121573 -31.313201
-55.121920 -31.305279
-55.125350 -31.302909
-55.136030 -31.301801
-55.151787 -31.293553
-55.156146 -31.285766
-55.162954 -31.286064
-55.165666 -31.281463
-55.162421 -31.279577
-55.166926 -31.274166
-55.168824 -31.269800
-55.179457 -31.270861
-55.183203 -31.265682
-55.234745 -31.258744
-55.239588 -31.261015
-55.239804 -31.254053
-55.246086 -31.252663
-55.248066 -31.248559
-55.247369 -31.216558
-55.253462 -31.211634
-55.249548 -31.206389
-55.262408 -31.195042
-55.282303 -31.194386
-55.285282 -31.185918
-55.270447 -31.177312
-55.274184 -31.170554
-55.290405 -31.164118
-55.289852 -31.159725
-55.284546 -31.156962
-55.290205 -31.150652
-55.290439 -31.144184
-55.304945 -31.141522
-55.311375 -31.147826
-55.318368 -31.145498
-55.320682 -31.136286
-55.325957 -31.138441
-55.334102 -31.133286
-55.338194 -31.134104
-55.336880 -31.120346
-55.329579 -31.117075
-55.328415 -31.110863
-55.332430 -31.106213
-55.333282 -31.099488
-55.327269 -31.088595
-55.338745 -31.085545
-55.349353 -31.068316
-55.351974 -31.070781
-55.359371 -31.068080
-55.352583 -31.057519
-55.349796 -31.040586
-55.351234 -31.038037
-55.359348 -31.040665
-55.369037 -31.034856
-55.373666 -31.019626
-55.379890 -31.024061
-55.385379 -31.021396
-55.399890 -31.029053
-55.404779 -31.027685
-55.406602 -31.019243
-55.414934 -31.014802
-55.424441 -31.016983
-55.424739 -31.012206
-55.436897 -31.005082
-55.435655 -30.992589
-55.431307 -30.993066
-55.428716 -30.987137
-55.424218 -30.986050
-55.427615 -30.981362
-55.432480 -30.973262
-55.437787 -30.972962
-55.440843 -30.960259
-55.451833 -30.960687
-55.456697 -30.951691
-55.477821 -30.954221
-55.486169 -30.948072
-55.489421 -30.939174
-55.486038 -30.928715
-55.488975 -30.925524
-55.503729 -30.925350
-55.508511 -30.914394
-55.509799 -30.902349
-55.524771 -30.898673
-55.532187 -30.902919
-55.533309 -30.897779
-55.545434 -30.891087
-55.553667 -30.873945
-55.563089 -30.869317
-55.562131 -30.855376
-55.566707 -30.845887
-55.576836 -30.843638
-55.577274 -30.834304
-55.583924 -30.836426
-55.586097 -30.841838
-55.603519 -30.850776
-55.609946 -30.849323
-55.612296 -30.844317
-55.620528 -30.842930
-55.627948 -30.849396
-55.637090 -30.847782
-55.645817 -30.855971
-55.644253 -30.859331
-55.649803 -30.866224
-55.657611 -30.864099
-55.662740 -30.873324
-55.652449 -30.883751
-55.655346 -30.885265
-55.653560 -30.897066
-55.641918 -30.912140
-55.648151 -30.923609
-55.655612 -30.924773
-55.662939 -30.933302
-55.658162 -30.943985
-55.661349 -30.948870
-55.664120 -30.947199
-55.665846 -30.954383
-55.676173 -30.956366
-55.688271 -30.952936
-55.688554 -30.945318
-55.694660 -30.943874
-55.703704 -30.955653
-55.709538 -30.955111
-55.715981 -30.943531
-55.723793 -30.943269
-55.720890 -30.946049
-55.724337 -30.951738
-55.724081 -30.966423
-55.731112 -30.974474
-55.727966 -30.979778
-55.746195 -30.979871
-55.745307 -30.985537
-55.753571 -30.998674
-55.773301 -30.997519
-55.765999 -31.010123
-55.779320 -31.015391
-55.805680 -31.016858
-55.813208 -31.015892
-55.811777 -31.021992
-55.829631 -31.040826
-55.829305 -31.044202
-55.847404 -31.042470
-55.855013 -31.045346
-55.870646 -31.071962
-55.877671 -31.072805
-55.882092 -31.077429
-55.890574 -31.077395
-55.898571 -31.066743
-55.910191 -31.075345
-55.918499 -31.074010
-55.925383 -31.076971
-55.932890 -31.087270
-55.958353 -31.077414
-55.977867 -31.073853
-55.986486 -31.077451
-55.992404 -31.085083
-56.010047 -31.081452
-56.009265 -31.071028
-56.018912 -31.048472
-56.016267 -31.001113
-56.007078 -30.984010
-56.010488 -30.978554
-56.006036 -30.973701
-56.010131 -30.970463
-56.012922 -30.954839
-56.009707 -30.948657
-56.015047 -30.945287
-56.005453 -30.922294
-56.009854 -30.914505
-56.008403 -30.895657
-55.990308 -30.866932
-55.989829 -30.859163
-55.993840 -30.847560
-56.003894 -30.840754
-56.009009 -30.821994
-56.016702 -30.819276
-56.016113 -30.812355
-56.011779 -30.809606
-56.024435 -30.800586
-56.021445 -30.793322
-56.023363 -30.786882
-56.034355 -30.785654
-56.038882 -30.776792
-56.044796 -30.775046
-56.050463 -30.777799
-56.063590 -30.773592
-56.066839 -30.767165
-56.064539 -30.753228
-56.069817 -30.747616
-56.074978 -30.746363
-56.088850 -30.757921
-56.095260 -30.754547
-56.108240 -30.733439
-56.112070 -30.733420
-56.125068 -30.739942
-56.129324 -30.738173
-56.132825 -30.731787
-56.128665 -30.721276
-56.130844 -30.717389
-56.137322 -30.710951
-56.150479 -30.706279
-56.149575 -30.693808
-56.138231 -30.685763
-56.142219 -30.680778
-56.152470 -30.680913
-56.167019 -30.664814
-56.170405 -30.653967
-56.166229 -30.640780
-56.180700 -30.633311
-56.183375 -30.626454
-56.170337 -30.615549
-56.191711 -30.604824
-56.219564 -30.608398
-56.224573 -30.598738
-56.235000 -30.592190
-56.235280 -30.588206
-56.224093 -30.585904
-56.225868 -30.579058
-56.238034 -30.574363
-56.246981 -30.575197
-56.256184 -30.588809
-56.260201 -30.586591
-56.262764 -30.583076
-56.261730 -30.571046
-56.256935 -30.567914
-56.258935 -30.561875
-56.266949 -30.555576
-56.277017 -30.562606
-56.281109 -30.562021
-56.279093 -30.554463
-56.289356 -30.540842
-56.289656 -30.532295
-56.286822 -30.528897
-56.291919 -30.520578
-56.296104 -30.526229
-56.307374 -30.531254
-56.329324 -30.530120
-56.336727 -30.524059
-56.335329 -30.512156
-56.348229 -30.505396
-56.349652 -30.497448
-56.354540 -30.493146
-56.363555 -30.492998
-56.359882 -30.500188
-56.365882 -30.503017
-56.383551 -30.498722
-56.388830 -30.493394
-56.383732 -30.492371
-56.386368 -30.487698
-56.394612 -30.486295
-56.396392 -30.471940
-56.400348 -30.475286
-56.405630 -30.469125
-56.407161 -30.460787
-56.399885 -30.459201
-56.396727 -30.449971
-56.409473 -30.444990
-56.415536 -30.431514
-56.424910 -30.435374
-56.438189 -30.432613
-56.452457 -30.422939
-56.444160 -30.415584
-56.450687 -30.405496
-56.461840 -30.385261
-56.478191 -30.391905
-56.482545 -30.399727
-56.489060 -30.399752
-56.495874 -30.388048
-56.505488 -30.383175
-56.503853 -30.371369
-56.506527 -30.368661
-56.520509 -30.359540
-56.545142 -30.360227
-56.543657 -30.352593
-56.551441 -30.343538
-56.536642 -30.334385
-56.540414 -30.314762
-56.545918 -30.311578
-56.556457 -30.319818
-56.574577 -30.303402
-56.576128 -30.289370
-56.595868 -30.296070
-56.604025 -30.294044
-56.611091 -30.300815
-56.617021 -30.301319
-56.619471 -30.294619
-56.605850 -30.283208
-56.612941 -30.262451
-56.627019 -30.267699
-56.638847 -30.258330
-56.636993 -30.254914
-56.629896 -30.255447
-56.624460 -30.248199
-56.641647 -30.234876
-56.648522 -30.222380
-56.667055 -30.221070
-56.667676 -30.218236
-56.645419 -30.208404
-56.646132 -30.205088
-56.651694 -30.208054
-56.658650 -30.201742
-56.662936 -30.198780
-56.678630 -30.201208
-56.682012 -30.195605
-56.696699 -30.205869
-56.707857 -30.189438
-56.706400 -30.176814
-56.719062 -30.180869
-56.729719 -30.172568
-56.758966 -30.161753
-56.776876 -30.164511
-56.784223 -30.154251
-56.778018 -30.134669
-56.779968 -30.128067
-56.800765 -30.121817
-56.806370 -30.105286
-56.818007 -30.107801
-56.822815 -30.097870
-56.835056 -30.092868
-56.854599 -30.089707
-56.871768 -30.094500
-56.873945 -30.087512
-56.885018 -30.088283
-56.904307 -30.114428
-56.904861 -30.108874
-56.914160 -30.111615
-56.911673 -30.103082
-56.917739 -30.097116
-56.932052 -30.094580
-56.956489 -30.102223
-56.976862 -30.098558
-56.982992 -30.089110
-56.992097 -30.086826
-57.023141 -30.088677
-57.028367 -30.092616
-57.031572 -30.102415
-57.044024 -30.105837
-57.056471 -30.099811
-57.067698 -30.101726
-57.066291 -30.091900
-57.060994 -30.090499
-57.064602 -30.086742
-57.069853 -30.087069
-57.085399 -30.100522
-57.090618 -30.111900
-57.088760 -30.113977
-57.085061 -30.111678
-57.088724 -30.120536
-57.094261 -30.121274
-57.095385 -30.115916
-57.114687 -30.114944
-57.113511 -30.128282
-57.104461 -30.127484
-57.105558 -30.136291
-57.113765 -30.145604
-57.128936 -30.142466
-57.144785 -30.173442
-57.157780 -30.186145
-57.160430 -30.195493
-57.167881 -30.199063
-57.168356 -30.208611
-57.164607 -30.214374
-57.167678 -30.217903
-57.162347 -30.219664
-57.165791 -30.225175
-57.155100 -30.234061
-57.160727 -30.242868
-57.167214 -30.242170
-57.168052 -30.249822
-57.177756 -30.252330
-57.194998 -30.264453
-57.203044 -30.286504
-57.217942 -30.290366
-57.247768 -30.290824
-57.254992 -30.283616
-57.252814 -30.275583
-57.259504 -30.267588
-57.269382 -30.274263
-57.268643 -30.284294
-57.280077 -30.294770
-57.284207 -30.294665
-57.295006 -30.284556
-57.305167 -30.265584
-57.314457 -30.258771
-57.321394 -30.271835
-57.353938 -30.285752
-57.359770 -30.272677
-57.368867 -30.273550
-57.386070 -30.292231
-57.388530 -30.303649
-57.395641 -30.305429
-57.410005 -30.301095
-57.419555 -30.303458
-57.421528 -30.291983
-57.414004 -30.281163
-57.429601 -30.275561
-57.451749 -30.277026
-57.461339 -30.267240
-57.484775 -30.267446
-57.489273 -30.269837
-57.497828 -30.288423
-57.522645 -30.286622
-57.549002 -30.274358
-57.555174 -30.264657
-57.566196 -30.259062
-57.556686 -30.220547
-57.563384 -30.209688
-57.610641 -30.189752
-57.629781 -30.187558
-57.643272 -30.193691
-57.643711 -30.188763
-57.635823 -30.176463
-57.585437 -30.177251
-57.547944 -30.164077
-57.482151 -30.123721
-57.461642 -30.106584
-57.446355 -30.072163
-57.430328 -30.052573
-57.406318 -30.031234
-57.345642 -30.003242
-57.328353 -29.972055