#CORES
6
0 1 1 1 # Cinza
1 0 0 0 # Perto
2 255 0 0 # Vermelho
3 0 255 0 # Verde
4 255 255 255 # Branco
5 0 0 255 # Azul

#OBJETO
17 7
1 1 3 1 1 1 1
1 1 3 3 1 1 1
1 3 3 3 3 1 1
3 3 3 3 3 3 1
1 3 3 3 3 3 3
1 1 3 3 3 3 3
1 1 3 3 3 3 3
1 3 3 3 3 3 3
1 3 3 3 3 3 3
1 3 3 3 3 3 3
1 1 3 3 3 3 3
1 1 3 3 3 3 3
1 3 3 3 3 3 3
3 3 3 3 3 3 1
1 3 3 3 3 1 1
1 1 3 3 1 1 1
1 1 3 1 1 1 1

#OBJETO
14 8
1 1 2 2 2 1 1 2
1 2 2 2 2 1 1 2
1 2 2 2 2 1 2 1
1 2 2 1 2 2 2 1
1 2 2 1 2 2 1 1
2 2 2 2 2 2 1 1
2 2 2 2 2 1 2 1
2 2 2 2 2 1 2 1
2 2 2 2 2 2 1 1
1 2 2 1 2 2 1 1
1 2 2 1 2 2 2 1
1 2 2 2 2 1 2 1
1 2 2 2 2 1 1 2
1 1 2 2 2 1 1 2

#OBJETO
8 8
1 1 1 2 2 1 1 2
1 1 2 2 2 1 2 1
1 2 2 1 2 2 1 2
2 2 2 2 2 1 2 1
2 2 2 2 2 1 2 1
1 2 2 1 2 2 1 2
1 1 2 2 2 1 2 1
1 1 1 2 2 1 1 2

#OBJETO
12 8
1 1 1 2 2 2 2 1
2 1 2 2 2 1 1 1
1 2 2 2 2 2 1 1
1 1 2 2 1 2 1 2
1 1 2 2 2 2 2 1
1 1 2 2 2 2 1 1
1 1 2 2 2 2 1 1
1 1 2 2 2 2 1 1
1 1 2 2 1 2 2 1
1 2 2 2 2 2 1 2
2 1 2 2 2 1 1 1
1 1 1 2 2 2 2 1

#OBJETO
27 3
5 5 5
5 1 5
5 5 5
5 1 5
5 5 5
5 1 5
5 5 5
5 1 5
5 5 5
5 1 5
5 5 5
5 1 5
5 5 5
5 1 5
5 5 5
5 1 5
5 5 5
5 1 5
5 5 5
5 1 5
5 5 5
5 1 5
5 5 5
5 1 5
5 5 5
5 1 5
5 1 5

#OBJETO
16 11
1 1 1 1 1 2 1 1 1 1 1
1 1 1 1 2 2 2 1 1 1 1
1 1 1 2 2 2 2 2 1 1 1
1 1 2 2 2 2 2 2 2 1 1
1 2 2 2 2 2 2 2 2 2 1
2 2 2 2 2 2 2 2 2 2 2
5 5 5 5 5 5 5 5 5 5 5
5 5 5 5 5 5 5 5 5 5 5
5 5 1 1 5 5 5 1 1 5 5
5 5 1 1 5 5 5 1 1 5 5
5 5 1 1 5 5 5 1 1 5 5
5 5 1 1 5 5 5 1 1 5 5
5 5 1 1 5 5 5 1 1 5 5
5 5 1 1 5 5 5 1 1 5 5
5 5 5 5 5 1 5 5 5 5 5
5 5 5 5 5 1 5 5 5 5 5